lnc	gene	Stg I $estimate	Stg I $p.value	Stg II $estimate	Stg II $p.value	Stg III $estimate	Stg III $p.value	Stg IV $estimate	Stg IV $p.value
ENSG00000245694	ENSG00000011243	0.7109241	6.801984e-05	0.5785761	1.554637e-07	0.5767663	2.650016e-08	0.4528167	1.506148e-14
ENSG00000245532	ENSG00000011243	0.2445718	0.2386962	0.3079772	0.009494935	0.2762807	0.01371385	0.2022803	0.001038338
ENSG00000268388	ENSG00000011243	0.1959965	0.3477502	0.2245123	0.06169056	0.01077932	0.9248834	0.2684677	1.139298e-05
ENSG00000234741	ENSG00000091542	0.1206005	0.5658097	0.1198037	0.3232184	0.0862052	0.4500069	-0.01521939	0.8070473
ENSG00000233016	ENSG00000091542	0.2197137	0.2912929	0.01071877	0.9298231	0.06968429	0.5417043	0.006102969	0.9219846
ENSG00000261188	ENSG00000091542	0.2082383	0.3178468	0.3676026	0.001744491	0.3255537	0.003415164	0.1673784	0.006830425
ENSG00000245694	ENSG00000100124	0.7519983	1.460461e-05	0.4188079	0.0003082227	0.4894921	4.694654e-06	0.4218106	1.22129e-12
ENSG00000249859	ENSG00000169083	0.1412836	0.5005379	-0.1835331	0.1282975	-0.003898954	0.9727955	-0.006972595	0.9109111
ENSG00000234608	ENSG00000169083	0.1173309	0.5764653	0.0327446	0.7878525	0.2561135	0.02271204	0.07690231	0.2165074
ENSG00000233016	ENSG00000169083	0.5766171	0.002551271	-0.04249825	0.7268479	-0.02550693	0.8234318	-0.08848952	0.1548034
ENSG00000234741	ENSG00000169083	0.6160815	0.00104177	-0.1025043	0.398447	0.08110403	0.4773631	0.01249688	0.8410559
ENSG00000245532	ENSG00000214087	0.1860978	0.3731073	0.5398838	1.412186e-06	-0.004635657	0.9676578	0.2205745	0.0003386833
ENSG00000268388	ENSG00000214087	0.06258357	0.7663223	0.05074273	0.6765549	0.2939504	0.008553371	0.150269	0.01530305
ENSG00000234608	ENSG00000162772	0.2408224	0.2461987	0.04919444	0.6859008	0.05655098	0.6205853	0.1559279	0.0118169
ENSG00000268388	ENSG00000113732	-0.08653859	0.6808424	-0.1190359	0.3263519	-0.00929381	0.9352111	0.009762586	0.8755111
ENSG00000268388	ENSG00000171953	-0.1330119	0.5261872	0.1726902	0.1528377	0.4200178	0.0001164296	0.001775048	0.9772762
ENSG00000249859	ENSG00000156127	0.09485001	0.6519972	0.04139716	0.7336584	-0.05923962	0.6040421	-0.03730736	0.5492575
ENSG00000234741	ENSG00000156127	-0.03746859	0.8588693	0.1146448	0.3446401	-0.1017279	0.3723485	0.07144394	0.2510034
ENSG00000234608	ENSG00000156127	0.1858843	0.3736658	0.194643	0.1063838	-0.04536148	0.6913972	0.1816595	0.003286852
ENSG00000233016	ENSG00000156127	-0.05464754	0.7952938	0.1325573	0.2739898	0.08051032	0.4806039	0.1112359	0.07336665
ENSG00000245694	ENSG00000248098	0.7443553	1.986681e-05	0.5243523	3.1768e-06	0.3843032	0.0004712035	0.3986518	2.457408e-11
ENSG00000245532	ENSG00000248098	0.09947808	0.6361402	0.3286128	0.005478682	0.2619852	0.01968194	0.3949828	3.872009e-11
ENSG00000234741	ENSG00000119866	0.6857816	0.0001544142	0.07466611	0.5390094	0.1307961	0.2505747	0.2579494	2.545299e-05
ENSG00000233016	ENSG00000119866	0.6901976	0.0001344847	0.1471393	0.2241683	0.1047204	0.3583738	0.2102454	0.0006449135
ENSG00000249859	ENSG00000119866	0.3599539	0.07715819	0.2083821	0.08343096	-0.04083215	0.7208759	0.09991207	0.1079896
ENSG00000234608	ENSG00000069399	0.552003	0.004224961	0.1225441	0.3121927	0.1558268	0.1702703	0.01364637	0.8266571
ENSG00000233016	ENSG00000069399	0.008224531	0.9688762	0.2469591	0.03929857	0.007712961	0.9462135	0.04961903	0.4256144
ENSG00000234741	ENSG00000069399	-0.116016	0.5807753	0.09469048	0.4355516	0.08611794	0.4504673	0.003151068	0.9596723
ENSG00000249859	ENSG00000069399	0.2069026	0.3210309	0.163843	0.1753202	0.1721266	0.1293033	0.0504815	0.4176043
ENSG00000234741	ENSG00000145734	0.4498327	0.02406021	-0.05338718	0.6607051	-0.04619859	0.6859973	-0.08210891	0.1868962
ENSG00000233016	ENSG00000134107	-0.1268621	0.5456536	0.1622501	0.179612	-0.1333523	0.2413536	-0.1241826	0.04544772
ENSG00000234608	ENSG00000134107	0.08273907	0.6941784	-0.08250017	0.4971528	0.1347191	0.2365203	-0.07491357	0.2286603
ENSG00000234741	ENSG00000135387	0.800322	1.563597e-06	-0.1135785	0.3491754	0.06427727	0.5735812	-0.1176301	0.05820234
ENSG00000268388	ENSG00000100211	-0.05161058	0.8064529	0.3606732	0.002160568	0.2361755	0.03613042	0.1133596	0.0680089
ENSG00000251562	ENSG00000196352	-0.06530288	0.7564627	0.04620465	0.7040803	-0.07886486	0.4896469	0.1798508	0.003616632
ENSG00000268388	ENSG00000196352	-0.09283737	0.6589397	0.2384218	0.04685298	0.3085961	0.005657093	0.06788895	0.2754223
ENSG00000234741	ENSG00000105810	0.1417543	0.4990974	-0.1780461	0.1403123	-0.09018361	0.429291	-0.1545072	0.01261898
ENSG00000249859	ENSG00000245848	-0.2780012	0.1784492	0.08460243	0.4862162	-0.04348744	0.7035416	0.0198267	0.7503433
ENSG00000233016	ENSG00000172216	0.2698534	0.1920464	0.2938336	0.01355339	0.03667658	0.7482858	0.09288038	0.1352631
ENSG00000249859	ENSG00000172216	0.2478745	0.2322133	0.1948918	0.1059287	0.1583841	0.163279	0.09860889	0.1126877
ENSG00000234608	ENSG00000172216	0.180288	0.3884741	-0.1258174	0.2993439	0.03007357	0.7924745	0.04874387	0.433833
ENSG00000245532	ENSG00000159685	0.07856162	0.7089434	0.1622556	0.179597	-0.1186635	0.2976073	0.054722	0.3795244
ENSG00000251562	ENSG00000255112	0.2178027	0.2956153	-0.09788065	0.4201729	0.1313179	0.2486728	0.1414967	0.02248546
ENSG00000268388	ENSG00000255112	-0.09263413	0.6596423	0.07420389	0.5415318	0.09486861	0.4056074	0.07468681	0.2300761
ENSG00000245532	ENSG00000160161	0.1253457	0.5505042	0.03661308	0.7634814	-0.1857202	0.1012764	-0.04003667	0.5204064
ENSG00000245532	ENSG00000179335	0.3998446	0.04766237	0.2968603	0.01257714	0.2623184	0.0195209	0.2700364	1.007634e-05
ENSG00000251562	ENSG00000179335	0.2717526	0.1888154	0.2235952	0.06278926	0.2625245	0.01942186	0.1309324	0.03484621
ENSG00000268388	ENSG00000179335	0.08834942	0.6745189	0.07850197	0.518301	0.1233633	0.2787445	0.09860485	0.1127025
ENSG00000249859	ENSG00000187498	0.08477898	0.6870072	-0.02808357	0.8174866	-0.06044583	0.5966839	-0.1192099	0.05488434
ENSG00000251562	ENSG00000214078	0.1139405	0.5876067	0.06142554	0.6134557	-0.05433849	0.6343419	0.03439148	0.5809228
ENSG00000268388	ENSG00000214078	-0.1465897	0.4844172	0.5011232	9.935215e-06	-0.07091987	0.5345436	0.007826969	0.9000486
ENSG00000260260	ENSG00000119203	0.5689913	0.002995192	0.1041821	0.3907301	0.117391	0.3028547	0.08011989	0.1978363
ENSG00000234741	ENSG00000119203	0.6498222	0.0004386121	0.1683603	0.1635569	0.421399	0.000109948	0.1776198	0.004064476
ENSG00000260260	ENSG00000160917	0.3202692	0.1185707	0.07302844	0.5479723	0.1116562	0.3272483	0.234078	0.0001393811
ENSG00000234741	ENSG00000160917	0.4215443	0.03583808	0.3412824	0.003836394	0.2372836	0.03524096	0.4393709	1.070517e-13
ENSG00000225177	ENSG00000111605	0.3469822	0.08925318	0.02554945	0.8337088	-0.05627527	0.6222926	0.06026638	0.3330624
ENSG00000179523	ENSG00000111605	0.4285382	0.03257033	0.5013784	9.815952e-06	0.5066347	1.897521e-06	0.3508578	6.023929e-09
ENSG00000236778	ENSG00000111605	0.5568636	0.003835955	0.2812242	0.01835713	0.2875339	0.01018663	0.2040401	0.0009360442
ENSG00000234741	ENSG00000111605	0.5586668	0.003699565	0.187386	0.1203397	0.2198395	0.05156855	0.2517794	4.015091e-05
ENSG00000260260	ENSG00000111605	0.5076357	0.009586281	0.004750361	0.9688673	-0.1358365	0.2326194	-0.01222098	0.84452
ENSG00000234741	ENSG00000149532	0.7831609	3.684671e-06	0.1294252	0.285588	0.1827601	0.1069347	0.06018983	0.3336779
ENSG00000228794	ENSG00000149532	0.4656307	0.0189899	0.4214306	0.0002798851	0.3479195	0.001678753	0.1948021	0.001598136
ENSG00000236778	ENSG00000149532	0.4893617	0.01303817	0.3467476	0.003274891	0.1450859	0.2020404	0.1641874	0.007984814
ENSG00000260260	ENSG00000149532	0.4540771	0.02260136	-0.1037624	0.392652	-0.06325997	0.5796746	-0.1173623	0.05878106
ENSG00000250988	ENSG00000149532	0.7702867	6.677455e-06	0.3161245	0.007675799	0.3948331	0.0003171308	0.1857958	0.002632648
ENSG00000179523	ENSG00000149532	0.607825	0.001268649	0.4655188	4.891315e-05	0.5002025	2.681058e-06	0.2532284	3.611231e-05
ENSG00000260708	ENSG00000149532	0.5013758	0.01067096	0.1339237	0.2690302	-0.1078248	0.3442235	0.06383692	0.3051622
ENSG00000245532	ENSG00000160741	0.0402826	0.8483857	0.08960736	0.4606993	-0.06331914	0.5793194	0.1064328	0.08675365
ENSG00000268388	ENSG00000213923	-0.3663771	0.07165125	0.07803747	0.5207871	-0.006316501	0.9559409	0.05352234	0.3900759
ENSG00000245694	ENSG00000213923	0.3288401	0.1084879	0.1628123	0.1780888	0.2925498	0.008888835	0.1960179	0.001491489
ENSG00000235919	ENSG00000101811	0.5342281	0.00594376	0.3601049	0.002198352	0.1417423	0.2127442	0.06501228	0.2963255
ENSG00000234741	ENSG00000101811	0.4774998	0.01578435	-0.02661812	0.8268588	-0.01972797	0.8629911	-0.03857462	0.5357645
ENSG00000260260	ENSG00000101811	0.4541329	0.02258267	-0.1297742	0.2842796	-0.1923266	0.08949236	-0.06454057	0.2998513
ENSG00000260083	ENSG00000101811	0.7465604	1.819905e-05	0.09916079	0.4140907	0.1044675	0.3595423	0.1680744	0.006599396
ENSG00000250988	ENSG00000101811	0.5346096	0.005901495	0.189301	0.1165279	0.2323156	0.0393763	0.1852806	0.002707122
ENSG00000239791	ENSG00000101811	0.009585023	0.9637308	0.1433597	0.2364272	0.11078	0.3310824	0.1360378	0.02829437
ENSG00000179523	ENSG00000101811	0.4601699	0.02063328	0.3715818	0.001539554	0.3416326	0.002060472	0.2227583	0.0002944267
ENSG00000260260	ENSG00000177613	0.4248645	0.03425577	-0.05589522	0.645809	-0.1056692	0.3540116	-0.07360397	0.2369222
ENSG00000225177	ENSG00000177613	0.217569	0.2961467	0.009934001	0.9349495	-0.1153864	0.3112431	-0.0652797	0.2943389
ENSG00000250988	ENSG00000177613	0.6615496	0.0003167692	0.2257188	0.06026889	0.3442281	0.001894312	0.119591	0.05410775
ENSG00000234741	ENSG00000177613	0.5942926	0.001732458	0.1182351	0.3296403	0.1601677	0.1585303	-0.02128615	0.7326415
ENSG00000233016	ENSG00000102974	0.1324573	0.527929	0.06433998	0.5966923	-0.1312712	0.2488428	-0.08035869	0.1964987
ENSG00000251562	ENSG00000107874	-0.1281896	0.5414234	-0.1123427	0.3544783	-0.1342027	0.2383386	-0.07372986	0.236119
ENSG00000245532	ENSG00000175197	0.0771803	0.7138484	0.1615902	0.1814124	0.003668656	0.9744018	0.1750905	0.004632279
ENSG00000251562	ENSG00000175197	-0.04855433	0.8177201	0.2707016	0.02341646	-0.04354088	0.7031943	0.1437493	0.02040722
ENSG00000245694	ENSG00000168209	0.3629013	0.07459267	-0.03828592	0.7530117	0.1061522	0.3518033	0.04529148	0.4671294
ENSG00000268388	ENSG00000168209	0.1027705	0.6249528	0.1984467	0.09958827	-0.1519501	0.1812839	-0.04042622	0.5163528
ENSG00000223461	ENSG00000128191	0.3772867	0.06299246	0.1288257	0.2878445	-0.1131012	0.3209874	0.03116305	0.6169417
ENSG00000236778	ENSG00000128191	0.6454965	0.0004928761	0.3576649	0.002367381	0.2465064	0.02852503	0.1752441	0.004595855
ENSG00000249859	ENSG00000128191	0.4915743	0.01257239	0.1228427	0.311006	0.05045042	0.6588169	0.1743394	0.004814134
ENSG00000235919	ENSG00000128191	0.5594588	0.003640974	0.2361028	0.04909959	0.09162858	0.4219037	0.1332248	0.03176014
ENSG00000239791	ENSG00000128191	0.3634032	0.07416234	0.2978601	0.01226833	0.07637749	0.5034854	0.05519971	0.3753719
ENSG00000234741	ENSG00000128191	0.5104601	0.00912779	0.1472264	0.2238912	0.03950873	0.7295689	0.1307065	0.03516368
ENSG00000237424	ENSG00000128191	0.4002242	0.0474321	0.2644486	0.02694994	0.3991561	0.0002685138	0.1418435	0.02215403
ENSG00000233016	ENSG00000128191	0.5822993	0.002258117	0.1252554	0.3015253	0.02602838	0.8198823	0.09448537	0.1286137
ENSG00000234741	ENSG00000101412	0.2647685	0.2008834	0.1192844	0.3253354	0.09555936	0.4021814	0.2997629	8.481898e-07
ENSG00000249859	ENSG00000101412	0.5531611	0.004129376	0.09493461	0.4343637	0.1563737	0.168757	0.1168438	0.05991458
ENSG00000233016	ENSG00000205250	0.1158322	0.5813787	0.2974953	0.01238025	0.09512568	0.4043304	0.1351533	0.02934748
ENSG00000234608	ENSG00000205250	0.3373577	0.09910914	0.263197	0.02770871	0.2682198	0.01685017	0.1195673	0.0541558
ENSG00000234741	ENSG00000205250	0.004551602	0.9827727	0.09195055	0.4490095	0.2302184	0.04123934	0.08043058	0.1960973
ENSG00000249859	ENSG00000205250	0.4582619	0.02123399	0.2184872	0.06920136	0.2198093	0.05160143	0.2784198	5.159324e-06
ENSG00000233016	ENSG00000169016	0.2039493	0.3281392	0.3300649	0.005263319	0.1297074	0.2545742	0.1440319	0.02015866
ENSG00000249859	ENSG00000169016	0.1474076	0.4819559	0.4141979	0.0003644745	0.2120126	0.06068859	0.3074391	4.272167e-07
ENSG00000234741	ENSG00000169016	0.2625742	0.2047809	0.2413994	0.0440929	0.3361551	0.002454835	0.2482525	5.183411e-05
ENSG00000234608	ENSG00000169016	0.8227986	4.456321e-07	0.6881971	4.613595e-11	0.4582928	2.164728e-05	0.3796307	2.444736e-10
ENSG00000234608	ENSG00000164330	-0.1221784	0.5606992	0.003871448	0.9746254	-0.1822236	0.1079861	0.06386507	0.3049486
ENSG00000234741	ENSG00000164330	-0.02346862	0.9113384	-0.118315	0.329311	-0.2048131	0.07019515	-0.01847214	0.7668908
ENSG00000233016	ENSG00000164330	-0.08405483	0.68955	-0.06627638	0.5856685	-0.1655408	0.1448442	-0.03570147	0.566592
ENSG00000249859	ENSG00000164330	-0.1630806	0.4360425	-0.1677532	0.1651032	-0.1435437	0.2069286	-0.04619135	0.4583174
ENSG00000235919	ENSG00000141543	0.1368126	0.5143243	0.1707483	0.1575787	0.2731068	0.01488259	0.1671383	0.006911804
ENSG00000249859	ENSG00000141543	0.3261478	0.1115843	0.2223101	0.06435536	0.4162162	0.0001361366	0.2066844	0.0007996848
ENSG00000236618	ENSG00000141543	-0.1784116	0.3935128	-0.1367546	0.2589473	0.1247401	0.2733735	0.0007450937	0.9904604
ENSG00000234741	ENSG00000141543	-0.1546676	0.4603895	-0.02834789	0.8157989	0.3342409	0.002607854	0.1111645	0.07355243
ENSG00000237883	ENSG00000141543	0.05348866	0.7995475	0.04645981	0.7025222	0.2354235	0.03674463	0.2024119	0.001030347
ENSG00000237424	ENSG00000141543	-0.02889162	0.8909592	0.08476947	0.4853527	0.2087137	0.06490598	0.09871526	0.1122983
ENSG00000233016	ENSG00000141543	-0.1441831	0.491696	0.3490392	0.003062109	0.2293803	0.04200404	0.1270963	0.04057929
ENSG00000236778	ENSG00000141543	0.2974907	0.1486722	-0.07596804	0.5319355	-0.02125612	0.8524933	0.03502975	0.5739193
ENSG00000234608	ENSG00000141543	0.006513639	0.9753485	0.01486524	0.902789	0.2246595	0.04653443	0.0702293	0.2591718
ENSG00000237424	ENSG00000066044	0.3150635	0.1250198	0.3768276	0.001302564	0.6398195	2.184207e-10	0.2501207	4.529639e-05
ENSG00000233016	ENSG00000066044	0.3739555	0.06554597	0.2644939	0.0269228	0.2241582	0.04703832	0.1801477	0.003560518
ENSG00000234608	ENSG00000120690	0.209566	0.3147011	-0.00631328	0.9586322	-0.2689852	0.01652797	-0.1659498	0.007327399
ENSG00000245532	ENSG00000173818	0.02296542	0.9132323	0.3379715	0.004216722	-0.18661	0.09962222	0.05453899	0.3811227
ENSG00000245532	ENSG00000111674	0.150462	0.4728208	0.01518516	0.9007074	0.1310393	0.2496869	0.1005759	0.1056563
ENSG00000245694	ENSG00000111674	0.2539391	0.2206154	0.3988876	0.0006253204	0.3705015	0.0007764229	0.3710771	6.552329e-10
ENSG00000234741	ENSG00000100393	0.1554544	0.4580828	-0.09136639	0.4519083	-0.2548578	0.0234092	-0.1484585	0.01659423
ENSG00000233016	ENSG00000100393	0.1182001	0.5736239	-0.05638074	0.6429411	-0.3121337	0.00510368	-0.2047978	0.0008949347
ENSG00000234608	ENSG00000100393	0.08424528	0.6888809	-0.003950654	0.9741064	-0.2437465	0.03041088	-0.1455876	0.01883674
ENSG00000233016	ENSG00000157554	-0.07071996	0.7369329	-0.1449974	0.2310598	0.03407191	0.7656289	-0.1269661	0.0407871
ENSG00000234741	ENSG00000157554	-0.1383041	0.509705	-0.2943102	0.01339546	-0.09903788	0.3851892	-0.1812577	0.003357658
ENSG00000249859	ENSG00000157554	0.1043141	0.6197354	-0.03052525	0.8019282	-0.2328136	0.03894433	-0.04353523	0.4845936
ENSG00000234608	ENSG00000157554	-0.04881717	0.8167498	-0.1306151	0.2811443	0.0005953868	0.995845	-0.1533333	0.01331742
ENSG00000233016	ENSG00000173153	0.6453037	0.0004954245	0.3429437	0.003657285	0.05295231	0.6430246	-0.004450307	0.9430686
ENSG00000234608	ENSG00000134954	-0.1497164	0.4750423	-0.1135893	0.3491294	-0.2515778	0.02531681	-0.2646951	1.525981e-05
ENSG00000234741	ENSG00000134954	-0.06580335	0.7546521	-0.1593226	0.1876978	-0.2509467	0.02569858	-0.2595478	2.257548e-05
ENSG00000233016	ENSG00000134954	-0.1930125	0.3552842	-0.08606986	0.4786582	-0.273911	0.0145786	-0.2525325	3.80017e-05
ENSG00000234741	ENSG00000182944	0.3112134	0.1299509	0.2307294	0.05464627	0.2471628	0.02809135	0.2573918	2.653597e-05
ENSG00000233016	ENSG00000182944	0.4147663	0.03924867	0.3370835	0.004324267	0.2345784	0.03744525	0.3253528	7.97801e-08
ENSG00000261188	ENSG00000182944	0.4737168	0.01675383	0.4719011	3.723255e-05	0.4470282	3.627324e-05	0.4195902	1.64512e-12
ENSG00000249859	ENSG00000182944	0.724995	4.139497e-05	0.3472357	0.003228504	0.2692494	0.016418	0.3111479	3.045585e-07
ENSG00000249859	ENSG00000106462	0.4354871	0.02956373	0.2477108	0.03868495	0.2468908	0.02827038	0.189117	0.002195638
ENSG00000268388	ENSG00000115042	0.04691715	0.8237705	0.2146208	0.07439638	0.3493871	0.001599391	0.2555088	3.052399e-05
ENSG00000249859	ENSG00000151702	0.07668665	0.715604	-0.04824336	0.6916652	-0.2516005	0.02530315	-0.08885923	0.1530801
ENSG00000237424	ENSG00000102081	0.3843006	0.05786723	0.4047839	0.0005094905	0.2419875	0.03166668	0.293708	1.437002e-06
ENSG00000236618	ENSG00000102081	0.2318507	0.2647712	0.3420795	0.003749507	0.005837502	0.9592791	0.1490349	0.01617326
ENSG00000233016	ENSG00000102081	0.151139	0.470808	0.2079917	0.084024	-0.08455441	0.4587629	0.01929365	0.756842
ENSG00000260260	ENSG00000102081	0.1435657	0.4935722	-0.1365798	0.2595623	-0.1033957	0.3645196	-0.0263008	0.6729395
ENSG00000234741	ENSG00000102081	0.08746016	0.6776216	0.06967961	0.5665216	-0.06686564	0.5582131	0.08121325	0.1917663
ENSG00000234608	ENSG00000102081	0.490382	0.01282164	0.283905	0.01722899	0.08083171	0.4788481	0.1076384	0.08322175
ENSG00000236778	ENSG00000102081	0.4573877	0.02151393	0.1874039	0.1203036	0.2114701	0.06136638	0.2147617	0.0004884378
ENSG00000249859	ENSG00000115414	0.2632088	0.2036485	-0.07178316	0.5548355	0.00135274	0.9905598	-0.03358264	0.5898546
ENSG00000249859	ENSG00000170345	0.01401521	0.9469865	-3.557991e-05	0.9997668	-0.1023079	0.3696144	0.08605342	0.1665265
ENSG00000234608	ENSG00000170345	0.008860749	0.9664698	-0.1184583	0.3287216	-0.1141135	0.3166471	-0.1314659	0.03410609
ENSG00000234741	ENSG00000170345	-0.203408	0.3294525	-0.1486127	0.2195119	-0.1173759	0.3029174	0.02049763	0.7421886
ENSG00000249859	ENSG00000075426	-0.1258012	0.5490452	0.2606138	0.02933189	-0.1139338	0.3174147	0.02476946	0.6909751
ENSG00000233016	ENSG00000075426	-0.2095111	0.3148308	0.21973	0.06759489	-0.2341753	0.03778337	-0.1610307	0.009294485
ENSG00000234741	ENSG00000075426	-0.2288517	0.271175	0.01640553	0.8927731	-0.1100833	0.3341514	-0.1857357	0.002641243
ENSG00000234741	ENSG00000129514	0.03662918	0.8620011	-0.01250804	0.9181459	0.280981	0.01212927	0.1662182	0.007231663
ENSG00000249859	ENSG00000129514	0.1576662	0.4516312	0.09476149	0.4352059	0.01925793	0.8662249	0.1570679	0.01120618
ENSG00000249859	ENSG00000160973	-0.0299429	0.8870159	0.1815433	0.1325607	0.09117033	0.4242384	0.01337195	0.8300894
ENSG00000234608	ENSG00000128573	0.7458806	1.869945e-05	0.200982	0.09525028	0.2184594	0.05308947	0.1463589	0.01820976
ENSG00000249859	ENSG00000128573	-0.004326438	0.9836248	-0.1114345	0.3584065	0.03218586	0.77826	0.1421777	0.02183871
ENSG00000260083	ENSG00000089280	0.6477261	0.0004642211	0.3604039	0.002178402	0.3847247	0.0004639098	0.4856295	8.61426e-17
ENSG00000260260	ENSG00000089280	0.5875278	0.002014272	0.1990748	0.09849958	0.3139618	0.004836954	0.2679061	1.190287e-05
ENSG00000228794	ENSG00000089280	0.3341666	0.1025493	0.3002168	0.01156628	0.1691537	0.1361535	0.0110472	0.8592901
ENSG00000269940	ENSG00000089280	-0.08947603	0.6705955	-0.01671113	0.8907878	-0.04534082	0.6915306	-0.03039525	0.6256491
ENSG00000236778	ENSG00000089280	0.5915787	0.001841166	0.2389375	0.04636499	0.2597856	0.02077381	0.2506235	4.367434e-05
ENSG00000267321	ENSG00000089280	0.5370556	0.005636492	0.4070491	0.000470458	0.4174235	0.0001295674	0.3486677	7.590011e-09
ENSG00000257596	ENSG00000089280	0.6761784	0.0002068952	0.6298028	5.190591e-09	0.5007903	2.598444e-06	0.5106241	1.143045e-18
ENSG00000250220	ENSG00000089280	0.6973014	0.0001071378	0.4475974	0.000102306	0.3859426	0.0004434132	0.1957463	0.001514734
ENSG00000260708	ENSG00000089280	0.5205653	0.007634033	0.3537272	0.002664804	0.0571888	0.6166434	0.2401089	9.216603e-05
ENSG00000250988	ENSG00000089280	0.7341192	2.951585e-05	0.5647209	3.538551e-07	0.4680873	1.361316e-05	0.4698139	1.112166e-15
ENSG00000234608	ENSG00000089280	0.6935952	0.0001207242	0.6017858	3.587882e-08	0.4340628	6.427459e-05	0.4196781	1.625885e-12
ENSG00000233016	ENSG00000089280	0.6751045	0.0002136363	0.2847161	0.01689963	0.2803623	0.01232829	0.3554603	3.685106e-09
ENSG00000234741	ENSG00000089280	0.6747635	0.0002158166	0.3241533	0.00618952	0.2204903	0.05086376	0.3834992	1.550458e-10
ENSG00000236618	ENSG00000089280	0.718877	5.155683e-05	0.4809241	2.507955e-05	0.3763889	0.0006291319	0.4523487	1.614905e-14
ENSG00000237424	ENSG00000089280	0.1310576	0.532337	0.5400859	1.396994e-06	0.5684678	4.629641e-08	0.2477358	5.379332e-05
ENSG00000225177	ENSG00000089280	0.4199617	0.03661252	0.1245155	0.3044125	0.3056012	0.006166411	0.2413128	8.475311e-05
ENSG00000249859	ENSG00000089280	0.5955206	0.001685107	0.2926803	0.01394224	0.1762345	0.1202736	0.2856627	2.84223e-06
ENSG00000261188	ENSG00000089280	0.8329736	2.380532e-07	0.5424794	1.228339e-06	0.4372787	5.589197e-05	0.3331394	3.715938e-08
ENSG00000234741	ENSG00000114416	0.0656743	0.7551188	0.1871785	0.1207583	0.1508383	0.1845361	0.1355573	0.0288624
ENSG00000260260	ENSG00000129245	-0.02387542	0.9098076	-0.0530776	0.6625531	0.3293341	0.00303984	0.0775884	0.212424
ENSG00000269940	ENSG00000129245	0.2844344	0.1681965	0.225377	0.06066898	0.005584466	0.9610428	0.06610435	0.288269
ENSG00000234741	ENSG00000129245	-0.06452039	0.7592961	0.1531404	0.2056293	0.2540005	0.02389557	0.1568326	0.01132991
ENSG00000245694	ENSG00000139112	0.4293386	0.03221209	0.3581067	0.00233594	0.4289041	8.019171e-05	0.2689817	1.094455e-05
ENSG00000251562	ENSG00000139112	0.1324118	0.5280718	0.1530317	0.2059553	0.1487715	0.190694	0.1935261	0.001717539
ENSG00000268388	ENSG00000139112	0.2067312	0.3214409	0.07157339	0.5559957	0.2791162	0.01273782	0.2950735	1.277254e-06
ENSG00000234608	ENSG00000102145	-0.04339718	0.8368115	0.2660908	0.02598096	0.177578	0.1174279	0.003931751	0.949693
ENSG00000234608	ENSG00000179348	0.2983432	0.1474562	0.2977964	0.01228782	0.3208187	0.003943289	0.01816406	0.7706693
ENSG00000249859	ENSG00000179348	0.104002	0.6207889	0.2009679	0.09527407	0.1871147	0.09869327	0.1722152	0.005363684
ENSG00000234741	ENSG00000141448	0.908951	3.273649e-10	0.2520628	0.03528643	0.2220395	0.04921798	0.01410212	0.8209638
ENSG00000234608	ENSG00000141448	0.2781219	0.178253	0.3501895	0.002960023	0.3816418	0.0005197247	0.06842999	0.2716054
ENSG00000249859	ENSG00000141448	0.317573	0.1218797	0.33759	0.004262632	0.0783782	0.4923386	0.04401396	0.4797985
ENSG00000268388	ENSG00000105220	0.3041229	0.1393983	0.1228054	0.311154	0.07917901	0.4879135	0.1928519	0.001783874
ENSG00000251562	ENSG00000105220	0.1711615	0.413325	-0.002737007	0.9820594	-0.06459524	0.5716827	0.03181477	0.6095925
ENSG00000251562	ENSG00000117262	0.1506857	0.4721551	0.10849	0.3713265	-0.004326993	0.9698102	0.2846813	3.084407e-06
ENSG00000233016	ENSG00000137947	0.2170785	0.2972637	0.2411902	0.04428232	0.08447615	0.4591804	0.04579046	0.4622316
ENSG00000234741	ENSG00000137947	0.1641169	0.4330923	0.1731848	0.1516472	0.3874943	0.0004184998	0.2088565	0.0007016492
ENSG00000245532	ENSG00000103253	0.02558213	0.9033888	0.2640821	0.02717029	-0.07571558	0.5072018	0.1263864	0.04172302
ENSG00000251562	ENSG00000138641	0.4158496	0.03868697	0.2524482	0.03499793	0.4483532	3.416828e-05	0.1321956	0.03311554
ENSG00000233016	ENSG00000164683	0.0996653	0.6355019	0.1971263	0.1019078	0.1688404	0.1368913	0.2135946	0.0005250937
ENSG00000234741	ENSG00000164683	0.04657862	0.8250228	0.3000124	0.01162575	0.2011363	0.07549313	0.21124	0.000606925
ENSG00000249859	ENSG00000164683	0.570318	0.002913554	0.212175	0.07784029	0.5298018	5.144263e-07	0.3978726	2.707802e-11
ENSG00000234608	ENSG00000164683	0.333211	0.1035965	0.4371027	0.000154692	0.3399458	0.002175366	0.3337733	3.488536e-08
ENSG00000245694	ENSG00000135245	0.08807478	0.6754766	-0.09298051	0.4439237	0.03484129	0.7604936	0.1489964	0.01620102
ENSG00000268388	ENSG00000135245	-0.02184183	0.9174629	0.01785659	0.8833526	0.2134262	0.05895088	0.05194065	0.4042554
ENSG00000234608	ENSG00000101076	0.2018792	0.3331784	0.08381896	0.4902771	0.2980984	0.007624034	0.08717579	0.1610455
ENSG00000234741	ENSG00000101076	0.3086856	0.1332642	0.00722271	0.9526795	0.2745453	0.01434265	0.008902296	0.8864036
ENSG00000249859	ENSG00000101076	0.1596562	0.4458679	0.002417749	0.9841518	0.2113284	0.06154447	0.006379655	0.9184596
ENSG00000233016	ENSG00000101076	0.2867503	0.1646089	-0.09123466	0.4525634	0.01917136	0.8668208	-0.02167969	0.727892
ENSG00000235919	ENSG00000122566	0.2445123	0.2388139	0.2338422	0.0513741	0.1943202	0.08615743	0.2691272	1.082069e-05
ENSG00000240005	ENSG00000122566	0.3131796	0.1274153	0.0863937	0.4769988	-0.1567374	0.167756	-0.02142451	0.7309706
ENSG00000228794	ENSG00000122566	0.6844722	0.0001608005	0.1455217	0.2293595	0.3347563	0.002565831	0.14167	0.02231928
ENSG00000239791	ENSG00000122566	0.3033518	0.1404546	0.4601691	6.122978e-05	0.09249967	0.4174858	0.1823965	0.003160457
ENSG00000237424	ENSG00000122566	0.5007202	0.01079021	0.3624854	0.002043947	0.4583382	2.16015e-05	0.3551912	3.793369e-09
ENSG00000260083	ENSG00000122566	0.4415971	0.02710787	0.3565336	0.002449635	0.2031066	0.0726157	0.3412223	1.643314e-08
ENSG00000234741	ENSG00000122566	0.5910415	0.001863361	0.2830823	0.01756872	0.1696186	0.1350645	0.2468119	5.747172e-05
ENSG00000250220	ENSG00000122566	0.5803582	0.002354846	0.3088234	0.009289943	0.2219976	0.04926196	0.2060744	0.0008294051
ENSG00000179523	ENSG00000122566	0.6054821	0.001340294	0.4775769	2.907642e-05	0.3871909	0.0004232673	0.4060364	9.674603e-12
ENSG00000270640	ENSG00000122566	0.4932021	0.01223855	0.05918663	0.6264698	0.0509877	0.6554126	0.1290079	0.03763006
ENSG00000260260	ENSG00000122566	0.3535139	0.08299665	0.05535284	0.6490189	-0.1095021	0.3367256	0.04436305	0.4763182
ENSG00000237883	ENSG00000122566	0.2245227	0.280592	0.3612072	0.002125597	0.2302487	0.04121194	0.1396432	0.02433023
ENSG00000260708	ENSG00000122566	0.5268353	0.006814304	0.2798202	0.01897276	-0.05813018	0.610845	0.1413041	0.02267139
ENSG00000225177	ENSG00000122566	0.4778846	0.01568839	0.1522033	0.2084501	-0.02779846	0.8078607	0.094655	0.1279259
ENSG00000269940	ENSG00000122566	0.1065304	0.6122753	0.1107962	0.3611836	0.08080253	0.4790073	0.1521356	0.01406482
ENSG00000236778	ENSG00000122566	0.3993145	0.04798535	0.360179	0.002193391	0.2736843	0.01466376	0.224693	0.0002597792
ENSG00000250988	ENSG00000122566	0.614019	0.001094883	0.418247	0.0003146146	0.5022176	2.407708e-06	0.3882937	8.744515e-11
ENSG00000233016	ENSG00000092199	0.5290644	0.006541248	0.4209201	0.0002852062	0.2929801	0.008784564	0.1495785	0.01578478
ENSG00000179523	ENSG00000092199	0.4332076	0.03052442	0.2197443	0.06757657	0.5374097	3.279504e-07	0.20946	0.0006764526
ENSG00000249859	ENSG00000092199	0.560998	0.003529355	0.4132064	0.0003777372	0.2888297	0.009836436	0.349107	7.247205e-09
ENSG00000234741	ENSG00000092199	0.5787506	0.00243761	0.3376397	0.004256627	0.5177359	1.027495e-06	0.2813531	4.060718e-06
ENSG00000235919	ENSG00000092199	0.279625	0.1758213	0.2156779	0.07294597	0.2718424	0.01537161	0.2398913	9.356913e-05
ENSG00000245694	ENSG00000152795	0.8201931	5.199495e-07	0.5941461	5.888386e-08	0.5543476	1.155661e-07	0.5503431	5.472513e-22
ENSG00000268388	ENSG00000120075	-0.1094928	0.6023619	0.1799162	0.1361258	0.1398876	0.2188521	0.190784	0.002002188
ENSG00000267321	ENSG00000159217	0.7071204	7.74142e-05	0.2156396	0.07299819	0.3706289	0.0007729305	0.215883	0.0004554672
ENSG00000234608	ENSG00000159217	0.8395605	1.550896e-07	0.4390929	0.0001431731	0.3972824	0.0002886763	0.280284	4.43245e-06
ENSG00000228794	ENSG00000159217	0.1852071	0.3754401	0.3686836	0.001686521	0.07427163	0.5153577	0.1472061	0.01754214
ENSG00000237424	ENSG00000159217	0.1031053	0.6238196	0.153984	0.2031133	0.2239734	0.04722522	0.2400435	9.258524e-05
ENSG00000225177	ENSG00000159217	0.2951932	0.151985	0.09051146	0.4561693	0.3127931	0.005006001	0.2282081	0.0002063576
ENSG00000234741	ENSG00000159217	0.3458405	0.09038223	0.1200416	0.3222515	0.2820735	0.01178459	0.1991636	0.001245086
ENSG00000233016	ENSG00000159217	0.2782925	0.1779759	0.1548467	0.2005628	0.2648513	0.01833322	0.2704835	9.728353e-06
ENSG00000267321	ENSG00000073792	0.3562533	0.08047371	0.1180428	0.330433	0.1663371	0.1428939	0.1088202	0.07987314
ENSG00000234741	ENSG00000073792	-0.09599599	0.6480567	0.1225611	0.3121252	-0.0243083	0.8316042	0.01744839	0.7794679
ENSG00000269940	ENSG00000073792	0.0192311	0.9273012	0.1389856	0.2511837	0.2829489	0.01151461	0.2106876	0.0006277597
ENSG00000233016	ENSG00000073792	-0.111876	0.5944365	0.1799288	0.1360979	0.03229775	0.777509	0.1005269	0.1058274
ENSG00000237424	ENSG00000073792	0.3134604	0.1270561	-0.03914949	0.7476241	0.2908292	0.009316706	0.1459687	0.01852469
ENSG00000228794	ENSG00000136231	0.01890182	0.9285429	0.3696685	0.001635221	0.09514195	0.4042497	0.08370311	0.1784537
ENSG00000234608	ENSG00000136231	0.3878306	0.05541314	0.419144	0.0003044504	0.1204144	0.2904847	0.1161776	0.06139762
ENSG00000233016	ENSG00000136231	-0.1304785	0.5341659	0.1250963	0.3021445	0.110587	0.331931	0.008284583	0.8942381
ENSG00000267321	ENSG00000136231	0.6939645	0.000119306	0.3632293	0.00199773	0.187033	0.09884317	0.1872448	0.002433091
ENSG00000234741	ENSG00000136231	-0.1181581	0.5737613	0.09415356	0.4381708	0.1489139	0.190265	0.00676298	0.9135788
ENSG00000237424	ENSG00000136231	0.07624094	0.7171904	0.06300929	0.6043209	0.1921161	0.08985041	0.02110583	0.7348212
ENSG00000269940	ENSG00000136231	-0.2340766	0.2600817	-0.03373358	0.7816016	0.1338169	0.2397029	0.08195492	0.187727
ENSG00000245694	ENSG00000137033	-0.224521	0.2805956	-0.1142026	0.3465164	-0.08557981	0.4533131	0.05339767	0.3911826
ENSG00000234741	ENSG00000137265	-0.1593032	0.4468873	0.009115153	0.9403013	-0.2653831	0.01809187	-0.1369848	0.02720303
ENSG00000249859	ENSG00000137265	-0.09694436	0.6448027	-0.1123412	0.3544848	-0.2143709	0.05781225	-0.09174231	0.1401358
ENSG00000233016	ENSG00000137265	-0.1949562	0.3503659	-0.03819623	0.7535719	-0.1825725	0.1073014	-0.1380563	0.02601183
ENSG00000251562	ENSG00000123104	-0.02214153	0.9163343	-0.1417687	0.2417238	-0.07460185	0.5134866	0.01915629	0.7585194
ENSG00000251562	ENSG00000070495	0.04427385	0.8335595	0.162294	0.1794927	0.02928231	0.797817	0.156854	0.01131864
ENSG00000268388	ENSG00000143543	0.09604195	0.6478989	0.3062183	0.009933661	0.3110626	0.005265941	0.09045982	0.1457866
ENSG00000245532	ENSG00000143543	0.1452583	0.4884372	0.2899048	0.01491769	-0.1111644	0.3293971	0.1052717	0.09026796
ENSG00000234741	ENSG00000177606	-0.1238114	0.5554322	0.05795823	0.633659	-0.1446815	0.2033143	-0.1423517	0.02167607
ENSG00000249859	ENSG00000177606	0.434485	0.02998305	0.2579333	0.03110007	-0.06110438	0.5926836	0.05986294	0.3363147
ENSG00000234608	ENSG00000177606	0.07482971	0.7222206	-0.02793517	0.8184346	-0.1251944	0.2716164	-0.1849142	0.002761237
ENSG00000233016	ENSG00000177606	0.00459298	0.9826161	0.3623851	0.002050249	-0.1986764	0.07921285	-0.05775037	0.3536752
ENSG00000233016	ENSG00000130522	-0.1400963	0.504181	0.3755949	0.001355084	0.4377439	5.476701e-05	0.2387575	0.0001012106
ENSG00000234608	ENSG00000130522	0.540188	0.00531179	0.2543272	0.03361909	0.5337322	4.082379e-07	0.3761996	3.643185e-10
ENSG00000234741	ENSG00000130522	-0.08221651	0.6960196	0.2018118	0.09386304	0.3527095	0.001432086	0.2304233	0.0001781629
ENSG00000249859	ENSG00000130522	0.3798049	0.06111361	0.2841955	0.01711042	0.1492217	0.1893403	0.1660181	0.007302926
ENSG00000228630	ENSG00000004487	0.4617071	0.0201594	0.4359045	0.0001620314	0.3825792	0.0005021364	0.1226174	0.04825921
ENSG00000268388	ENSG00000170465	-0.2217775	0.2866695	-0.1974833	0.1012766	-0.213238	0.05917982	-0.2100844	0.0006512663
ENSG00000245694	ENSG00000111716	0.6939045	0.0001195351	0.1985568	0.09939684	0.1910037	0.09176107	0.365853	1.179783e-09
ENSG00000245694	ENSG00000204103	-0.358884	0.07810587	-0.3292892	0.005377411	-0.2666107	0.01754521	-0.2443088	6.866355e-05
ENSG00000245694	ENSG00000007047	0.1587062	0.4486145	0.0294706	0.8086394	0.0005464899	0.9961862	-0.08142986	0.1905801
ENSG00000268388	ENSG00000007047	-0.2463725	0.235147	-0.1090551	0.3688251	0.01829567	0.872852	-0.07845346	0.2073546
ENSG00000245532	ENSG00000007047	-0.1394114	0.5062886	-0.1220594	0.3141248	0.05692221	0.6182897	-0.09331331	0.133444
ENSG00000234608	ENSG00000125952	0.3759368	0.06401783	0.2087731	0.08284028	0.4241666	9.795372e-05	0.1727502	0.005220199
ENSG00000234741	ENSG00000125952	0.2505713	0.2270072	0.09197218	0.4489024	0.4141697	0.000147979	0.09203569	0.138867
ENSG00000233016	ENSG00000125952	0.2623757	0.205136	0.2192783	0.06817522	0.309893	0.005448337	0.1170254	0.05951557
ENSG00000249859	ENSG00000125952	0.1435445	0.4936369	0.2467915	0.03943654	0.2085868	0.06507284	0.1625843	0.008627826
ENSG00000234741	ENSG00000184634	0.4088667	0.04242193	-0.09008281	0.458314	-0.1853055	0.1020548	-0.05684105	0.361318
ENSG00000234608	ENSG00000184634	0.1580311	0.4505716	0.2004437	0.09615875	-0.07383216	0.5178532	-0.02341961	0.7070195
ENSG00000233016	ENSG00000184634	0.4101762	0.04170067	-0.05817218	0.6324044	-0.2539736	0.02391097	-0.08364037	0.1787806
ENSG00000268388	ENSG00000165943	0.02829258	0.8932073	0.3733464	0.001455823	0.3529801	0.001419179	0.2479383	5.301711e-05
ENSG00000260260	ENSG00000155363	-0.005858237	0.9778283	-0.2746128	0.02141267	0.03149602	0.7828945	-0.1073651	0.08401219
ENSG00000234741	ENSG00000155363	0.08969819	0.6698228	0.01003278	0.934304	0.0468074	0.6820798	-0.0212749	0.7327775
ENSG00000179523	ENSG00000155363	0.244469	0.2388998	0.208518	0.08322526	0.2158116	0.0561105	0.05523348	0.3750794
ENSG00000236778	ENSG00000155363	0.2757487	0.1821394	-0.03906693	0.7481386	0.0135284	0.9058047	-0.01950877	0.7542172
ENSG00000269940	ENSG00000155363	-0.09441257	0.6535038	0.1082272	0.3724933	-0.1390991	0.2214857	0.03490589	0.5752752
ENSG00000225177	ENSG00000155363	0.0762275	0.7172382	-0.1624533	0.1790604	0.0559062	0.6245813	-0.06274018	0.3135631
ENSG00000228794	ENSG00000155363	0.1742958	0.4046933	0.1383259	0.2534626	0.1176766	0.3016716	0.06471571	0.298539
ENSG00000234741	ENSG00000198793	0.3391537	0.09721112	-0.1588004	0.1891672	-0.22646	0.04476115	-0.2765582	5.997618e-06
ENSG00000234741	ENSG00000136997	-0.2200846	0.2904585	0.1337677	0.2695933	0.1690806	0.1363255	0.1966235	0.00144083
ENSG00000233016	ENSG00000136997	-0.2447916	0.238261	0.2691612	0.02424821	0.07626461	0.5041182	0.003999623	0.9488257
ENSG00000234608	ENSG00000136997	-0.0269295	0.8983256	0.07321568	0.5469439	0.1727775	0.1278391	-0.008700779	0.8889583
ENSG00000249859	ENSG00000136997	0.01999428	0.9244241	0.3606646	0.002161135	0.3536442	0.001387957	0.3172478	1.727935e-07
ENSG00000245532	ENSG00000166886	0.02763008	0.8956944	-0.01247457	0.9183642	0.02367546	0.8359263	0.08144096	0.1905194
ENSG00000251562	ENSG00000166886	0.1449318	0.4894257	0.1013876	0.4036327	0.1422185	0.2111957	0.2717818	8.78146e-06
ENSG00000245532	ENSG00000109065	0.1919354	0.358027	0.4047569	0.0005099731	0.1476966	0.1939547	0.2495177	4.731635e-05
ENSG00000251562	ENSG00000109065	0.03546808	0.8663365	0.2363709	0.04883545	0.02964472	0.7953689	0.1099566	0.07675634
ENSG00000234741	ENSG00000074356	0.03968041	0.8506271	0.09044727	0.4564901	0.2492089	0.02677513	0.1050373	0.09099089
ENSG00000251562	ENSG00000130202	0.1473541	0.4821167	-0.1588287	0.1890875	-0.1444036	0.204193	-0.05490702	0.3779128
ENSG00000233016	ENSG00000204356	0.374308	0.06527211	0.3329754	0.004854015	0.3746692	0.0006692726	0.2451144	6.485556e-05
ENSG00000234741	ENSG00000204356	0.4233779	0.03495723	0.2285644	0.05702087	0.3432134	0.001957781	0.3234919	9.546175e-08
ENSG00000268388	ENSG00000204386	0.2323222	0.2637732	0.2048981	0.0888421	0.03525609	0.7577292	0.1098164	0.07713552
ENSG00000249859	ENSG00000123405	-0.1201544	0.5672584	0.04878772	0.6883637	-0.02914756	0.7987278	-0.1255595	0.04308924
ENSG00000245694	ENSG00000165030	0.5186538	0.007899736	0.002095577	0.9862634	0.3099713	0.005435947	0.1838255	0.002927887
ENSG00000251562	ENSG00000165030	-0.04809355	0.819422	0.004329639	0.9716234	0.09435729	0.4081544	0.4452459	4.592483e-14
ENSG00000233016	ENSG00000120837	0.6410514	0.0005546201	0.2538271	0.03398155	0.2633981	0.01900681	0.3237824	9.283209e-08
ENSG00000251562	ENSG00000107833	-0.006330725	0.9760405	-0.2254581	0.06057388	-0.2653733	0.01809629	-0.1308397	0.03497622
ENSG00000245532	ENSG00000107833	0.0914397	0.6637771	-0.08214101	0.499034	-0.1763625	0.1200002	-0.05521173	0.3752678
ENSG00000233016	ENSG00000177463	0.694847	0.0001159754	-0.04395116	0.7178936	-0.1247583	0.273303	-0.1656577	0.0074329
ENSG00000234741	ENSG00000177463	0.7142263	6.06937e-05	-0.1001745	0.4093105	-0.02774253	0.8082399	-0.07103968	0.253702
ENSG00000249859	ENSG00000113580	0.08486737	0.6866971	0.117365	0.3332369	-0.2053654	0.06942588	-0.0639738	0.3041243
ENSG00000234741	ENSG00000113580	0.05065267	0.8099805	-0.02808636	0.8174688	-0.228676	0.04265579	-0.1685017	0.006461042
ENSG00000233016	ENSG00000113580	0.1505665	0.4725097	-0.06169528	0.6118957	-0.2736628	0.01467186	-0.1822247	0.003189521
ENSG00000234608	ENSG00000106459	0.6541097	0.0003900287	0.5808005	1.357485e-07	0.4656962	1.526533e-05	0.3432048	1.340449e-08
ENSG00000249859	ENSG00000106459	0.5414149	0.005188984	0.2609117	0.02914076	0.2359115	0.03634504	0.3010021	7.603064e-07
ENSG00000245694	ENSG00000169189	0.3722954	0.06684791	0.3980502	0.0006435849	0.3335156	0.002668027	0.2323191	0.0001569365
ENSG00000268388	ENSG00000148335	-0.1569284	0.4537781	0.05744302	0.6366844	-0.008347587	0.9417953	-0.0219967	0.7240736
ENSG00000234741	ENSG00000167005	0.239639	0.2485984	0.0418532	0.7308352	0.189026	0.09523683	0.04025887	0.5180922
ENSG00000260260	ENSG00000167005	0.2363145	0.2554212	0.03735794	0.7588142	-0.1337431	0.2399648	-0.07706721	0.2155209
ENSG00000250988	ENSG00000167005	0.3244694	0.1135473	0.329062	0.00541124	0.3096656	0.005484431	0.1810419	0.003396251
ENSG00000245532	ENSG00000228474	0.1545523	0.4607281	-0.08075412	0.5063328	-0.2083221	0.06542194	-0.001175673	0.9849481
ENSG00000233016	ENSG00000167081	-0.1107195	0.5982768	0.1790731	0.1380014	0.05216867	0.6479546	0.2346497	0.0001340827
ENSG00000234741	ENSG00000167081	-0.04029101	0.8483544	0.09515939	0.4332715	-0.04963013	0.6640278	0.06737431	0.2790865
ENSG00000251562	ENSG00000115289	0.109738	0.6015445	0.2384345	0.04684092	0.0232217	0.8390283	0.1913062	0.001944873
ENSG00000251562	ENSG00000088356	0.1767953	0.3978824	0.1587	0.1894508	-0.1065679	0.34991	0.028053	0.6525301
ENSG00000268388	ENSG00000088356	-0.02368773	0.9105138	0.5054241	8.094898e-06	-0.008084899	0.9436239	0.08306994	0.1817724
ENSG00000268388	ENSG00000179094	-0.2154616	0.3009648	0.2092256	0.08216087	0.124176	0.2755658	-0.0301641	0.6282807
ENSG00000245532	ENSG00000166169	0.1002972	0.6333496	0.2185048	0.06917837	0.07247673	0.5255882	0.0931999	0.1339187
ENSG00000251562	ENSG00000163882	0.102156	0.627035	0.1863436	0.1224544	0.05753365	0.6145165	0.1796035	0.003663965
ENSG00000268388	ENSG00000163882	0.6824595	0.0001710684	0.2971682	0.01248135	0.1935709	0.08739917	0.2752988	6.636516e-06
ENSG00000245532	ENSG00000163882	0.05749647	0.7848609	0.1098232	0.365442	0.02285461	0.8415397	0.109537	0.07789551
ENSG00000234608	ENSG00000148606	0.3055589	0.1374463	-0.06059303	0.6182812	0.1025353	0.3685458	-0.0982448	0.1140285
ENSG00000234741	ENSG00000148606	0.4266895	0.03341003	-0.02020568	0.8681366	0.0104514	0.9271621	-0.08032649	0.1966787
ENSG00000234608	ENSG00000028277	-0.0107185	0.959445	0.1121818	0.355172	-0.1519367	0.181323	-0.01497014	0.8101468
ENSG00000234741	ENSG00000028277	-0.1573065	0.4526771	-0.01450883	0.9051089	-0.1355801	0.2335102	-0.07384931	0.2353587
ENSG00000233016	ENSG00000028277	-0.2519528	0.2243704	-0.08000518	0.5102969	-0.0664434	0.5607066	-0.01970764	0.7517932
ENSG00000249859	ENSG00000028277	0.09198889	0.6618747	-0.07018676	0.5636936	-0.09724232	0.393906	-0.05306904	0.3941086
ENSG00000234741	ENSG00000204531	0.557023	0.003823729	-0.02366287	0.8458312	0.05857346	0.6081229	0.2339889	0.000140224
ENSG00000249859	ENSG00000204531	0.3971955	0.04929369	0.2904827	0.0147099	0.06750258	0.5544616	0.1433936	0.0207239
ENSG00000249859	ENSG00000132170	0.006438242	0.9756337	-0.06482644	0.5939143	0.2218046	0.0494647	0.1278036	0.03946617
ENSG00000234741	ENSG00000011304	0.3228066	0.1155169	0.0426876	0.7256788	0.1238074	0.2770043	0.007923808	0.8988186
ENSG00000237424	ENSG00000011304	0.4975165	0.01138899	0.2726516	0.0223984	0.5221446	8.004623e-07	0.1597128	0.009895449
ENSG00000249859	ENSG00000011304	0.5259563	0.006924577	0.3422718	0.003728802	0.273315	0.01480338	0.1880695	0.002325743
ENSG00000234741	ENSG00000055917	0.2815676	0.1727132	0.02457708	0.8399522	0.09648018	0.397641	0.04715107	0.4490223
ENSG00000234741	ENSG00000112531	0.3557278	0.0809531	-0.1092571	0.3679337	-0.1478879	0.1933715	-0.2083172	0.0007248968
ENSG00000233016	ENSG00000164754	0.1661692	0.4272816	0.26967	0.02397075	0.1128179	0.3222088	0.001514011	0.9806172
ENSG00000249859	ENSG00000164754	0.4511406	0.02360278	0.4208047	0.0002864223	0.3970193	0.000291616	0.2949063	1.295869e-06
ENSG00000234741	ENSG00000164754	0.1602854	0.4440539	0.1052126	0.3860346	0.3169358	0.004429369	0.1453429	0.01903958
ENSG00000239791	ENSG00000182872	0.1904989	0.3617043	0.316876	0.007524529	0.2326802	0.03905969	0.3386593	2.133933e-08
ENSG00000250220	ENSG00000182872	0.4814842	0.01481349	0.3979506	0.0006457876	0.3449233	0.001851906	0.1939995	0.001672326
ENSG00000260083	ENSG00000182872	0.6116002	0.00116013	0.2879113	0.01565409	0.5537756	1.198228e-07	0.337982	2.285559e-08
ENSG00000237883	ENSG00000182872	0.2785692	0.177527	0.2510398	0.03606203	0.1144992	0.3150031	0.0837316	0.1783054
ENSG00000236778	ENSG00000182872	0.3310066	0.1060426	0.2383252	0.04694482	0.193265	0.08791011	0.1934321	0.001726656
ENSG00000228794	ENSG00000182872	0.4408186	0.02741135	0.1945054	0.1066362	0.1569512	0.1671697	-0.008767469	0.8881127
ENSG00000225177	ENSG00000182872	0.3828703	0.05888522	-0.04919536	0.6858952	0.3949105	0.0003161935	0.1757738	0.00447224
ENSG00000237883	ENSG00000004534	0.2200432	0.2905516	0.3903822	0.0008348136	0.1491516	0.1895505	0.1305747	0.03535004
ENSG00000225177	ENSG00000004534	0.5173305	0.008088158	0.351393	0.002856469	0.1524271	0.1799014	0.2435558	7.241288e-05
ENSG00000250220	ENSG00000004534	0.6953916	0.0001139608	0.2340291	0.05118284	0.2160648	0.05581568	0.2072909	0.0007711099
ENSG00000239791	ENSG00000004534	0.1043325	0.6196732	0.2702264	0.02367043	0.07362013	0.5190593	0.1983503	0.001304929
ENSG00000260083	ENSG00000004534	0.3880222	0.05528234	0.4959617	1.265816e-05	0.2511133	0.02559728	0.4460836	4.065053e-14
ENSG00000249859	ENSG00000084093	-0.1164778	0.5792601	0.07287355	0.5488237	-0.119498	0.294198	0.05209063	0.4028978
ENSG00000234608	ENSG00000084093	0.202791	0.3309532	0.226548	0.05930727	-0.1413492	0.2140285	-0.04919442	0.4295905
ENSG00000233016	ENSG00000084093	0.2177041	0.2958394	0.01407538	0.9079312	-0.2324517	0.03925789	-0.1136347	0.0673388
ENSG00000234741	ENSG00000084093	0.2787176	0.1772866	-0.1060713	0.3821477	-0.1501002	0.1867185	-0.08847235	0.1548838
ENSG00000245532	ENSG00000158106	0.04882431	0.8167234	0.1027952	0.3971026	0.0623194	0.5853348	0.1365794	0.0276657
ENSG00000251562	ENSG00000172922	-0.06370157	0.7622643	0.03453481	0.7765475	-0.01618998	0.8873839	-0.03738812	0.5483927
ENSG00000245532	ENSG00000172922	-0.0010688	0.9959544	0.311079	0.008762284	-0.04712308	0.6800519	-0.001147159	0.9853132
ENSG00000268388	ENSG00000125691	-0.05322591	0.8005127	0.01580277	0.8966907	0.4229617	0.0001030186	0.05179692	0.4055589
ENSG00000245532	ENSG00000198242	0.07653118	0.7161572	-0.07734724	0.5244924	-0.09265668	0.4166923	0.1107457	0.07465097
ENSG00000251562	ENSG00000156482	-0.05292925	0.8016029	-0.0240537	0.8433168	-0.09225181	0.4187401	0.1347152	0.02988131
ENSG00000268388	ENSG00000071082	-0.001217172	0.9953928	0.0824822	0.4972468	0.4735118	1.046421e-05	0.07132028	0.2518268
ENSG00000268388	ENSG00000172809	-0.06261251	0.7662171	-0.160903	0.1833007	0.2086273	0.06501955	-0.02099887	0.7361152
ENSG00000245532	ENSG00000187051	0.05032878	0.811174	0.08260103	0.4966252	-0.144282	0.2045783	0.01744576	0.7795003
ENSG00000233016	ENSG00000100220	-0.08979658	0.6694807	0.04706305	0.6988433	0.1471881	0.195511	0.0460828	0.4593755
ENSG00000234741	ENSG00000100220	-0.08103815	0.7001775	0.03296161	0.7864798	0.2505069	0.02596747	0.05683068	0.3614058
ENSG00000233016	ENSG00000186350	0.1221181	0.560894	0.2065913	0.08617872	-0.1370827	0.2283214	0.1200126	0.05325929
ENSG00000234741	ENSG00000186350	-0.03507962	0.8677877	-0.07498296	0.5372835	-0.1282867	0.2598583	-0.1544084	0.01267644
ENSG00000249859	ENSG00000106366	0.300869	0.1438948	0.158672	0.18953	-0.07072214	0.5356864	-0.001004392	0.9871408
ENSG00000234741	ENSG00000143379	0.9232833	4.906712e-11	0.05953263	0.624451	0.1805335	0.1113503	0.09730985	0.1175288
ENSG00000233016	ENSG00000143379	0.8699742	1.617614e-08	0.1628997	0.1778526	0.02249243	0.8440189	-0.06375719	0.3057679
ENSG00000234608	ENSG00000143379	0.4207957	0.03620279	0.2814499	0.01825976	0.189495	0.0944033	-0.0163963	0.7924534
ENSG00000245694	ENSG00000104332	0.3820785	0.05945465	-0.09978115	0.4111616	0.3996315	0.0002636072	0.03647116	0.5582512
ENSG00000251562	ENSG00000104332	-0.2037409	0.3286444	-0.01007769	0.9340106	0.01756518	0.8778888	0.02568747	0.6801414
ENSG00000249859	ENSG00000077463	0.7559751	1.239001e-05	0.33001	0.005271323	0.3466392	0.001750877	0.2094043	0.0006787441
ENSG00000234608	ENSG00000177045	0.173812	0.406019	0.1256541	0.2999767	-0.02243327	0.8444241	0.07826548	0.2084487
ENSG00000233016	ENSG00000177045	0.5961081	0.001662848	0.1029062	0.3965905	-0.1078453	0.3441311	0.1049899	0.09113782
ENSG00000251562	ENSG00000171612	-0.03082805	0.8836978	0.1812002	0.1333066	0.008011988	0.9441315	0.3319941	4.163487e-08
ENSG00000245694	ENSG00000171612	0.8177278	6.002967e-07	0.3404308	0.003931182	0.5927805	8.633115e-09	0.516623	3.83854e-19
ENSG00000249859	ENSG00000166949	0.3311564	0.105875	0.2666646	0.02564945	0.06936313	0.5435732	0.1596438	0.009927822
ENSG00000234608	ENSG00000141646	0.4738527	0.01671818	0.551531	7.482808e-07	0.3352401	0.002526944	0.2342544	0.0001377255
ENSG00000249859	ENSG00000141646	0.5286615	0.006589914	0.1732199	0.151563	0.02058537	0.857098	0.1658021	0.007380606
ENSG00000234741	ENSG00000127616	0.5376706	0.005571464	0.07998775	0.5103893	0.02371331	0.8356677	0.04830456	0.4379926
ENSG00000233016	ENSG00000127616	0.5663939	0.003160661	0.1920284	0.1112597	0.04234406	0.7109879	0.0651077	0.2956156
ENSG00000234608	ENSG00000127616	0.5290424	0.006543899	0.3763436	0.001322963	0.2162442	0.05560758	0.112063	0.0712406
ENSG00000249859	ENSG00000127616	0.3756524	0.06423551	0.09003158	0.4585707	0.03916276	0.7318471	0.1456673	0.01877111
ENSG00000234741	ENSG00000099956	0.1579522	0.4508004	0.2612132	0.0289483	0.4497628	3.205425e-05	0.1340763	0.03067477
ENSG00000233016	ENSG00000099956	0.1120736	0.5937812	0.3152399	0.007857292	0.4015342	0.0002447866	0.1609626	0.009324738
ENSG00000249859	ENSG00000099956	0.434281	0.03006898	0.262217	0.02831539	0.3102886	0.005386028	0.1856341	0.002655821
ENSG00000234608	ENSG00000099956	0.315616	0.1243234	0.5582393	5.133385e-07	0.4954996	3.436775e-06	0.2917764	1.695924e-06
ENSG00000234608	ENSG00000173473	0.3385063	0.09789213	0.1735113	0.1508653	0.09625843	0.3987316	0.02422512	0.6974291
ENSG00000249859	ENSG00000173473	0.2823318	0.1715011	0.09962979	0.4118751	0.09769122	0.3917158	0.1264501	0.04161932
ENSG00000233016	ENSG00000173473	0.8454036	1.043368e-07	0.02360184	0.8462239	-0.04048351	0.7231626	-0.04935629	0.4280723
ENSG00000234608	ENSG00000139613	0.3506946	0.08565517	0.2339632	0.05125018	0.06231163	0.5853817	-0.02173244	0.7272561
ENSG00000249859	ENSG00000139613	0.1207801	0.5652271	0.1673083	0.166243	-0.06599658	0.5633511	0.2224248	0.000300819
ENSG00000268388	ENSG00000125835	-0.08221399	0.6960285	0.0470828	0.698723	0.003103428	0.9783447	0.1082255	0.08154439
ENSG00000245694	ENSG00000125743	0.7570319	1.185412e-05	0.2985354	0.01206348	0.278715	0.01287213	0.3319673	4.174572e-08
ENSG00000245532	ENSG00000125743	0.05712997	0.7862011	-0.07221605	0.552445	-0.1656442	0.1445898	-0.05081789	0.4145041
ENSG00000251562	ENSG00000100138	-0.1629307	0.4364703	-0.06966568	0.5665994	-0.2032425	0.07242041	-0.02497345	0.6885622
ENSG00000245532	ENSG00000148158	0.009142406	0.9654046	0.004279409	0.9719525	-0.08443929	0.459377	-0.0929492	0.1349727
ENSG00000234608	ENSG00000185591	0.4137382	0.03978771	0.1528519	0.2064949	0.0339124	0.7666948	-0.03475896	0.5768857
ENSG00000233016	ENSG00000185591	0.2191567	0.2925487	0.05335806	0.6608788	-0.1254859	0.2704932	-0.09662218	0.1201564
ENSG00000234741	ENSG00000185591	0.1562446	0.4557725	-0.01641971	0.892681	-0.06490337	0.5698458	-0.0241085	0.6988147
ENSG00000249859	ENSG00000185591	0.0533829	0.799936	0.04564813	0.707483	-0.1117523	0.3268298	0.08746036	0.1596776
ENSG00000249859	ENSG00000066336	0.05889919	0.7797372	0.008658896	0.9432844	-0.2611923	0.02006973	-0.03787486	0.5431945
ENSG00000233016	ENSG00000066336	-0.10258	0.6255979	0.1814789	0.1327004	-0.1231222	0.2796924	-0.06156295	0.3227473
ENSG00000234741	ENSG00000066336	-0.1206342	0.5657003	0.04358308	0.7201586	-0.2231742	0.04804052	-0.09626041	0.121557
ENSG00000268388	ENSG00000118785	0.01941802	0.9265965	0.05298726	0.6630928	-0.04206856	0.7127862	0.1384472	0.02558861
ENSG00000251562	ENSG00000118785	-0.2204115	0.2897244	0.1740186	0.1496561	-0.1475265	0.1944743	0.02934733	0.6376173
ENSG00000234741	ENSG00000072310	-0.1223403	0.5601761	0.1918182	0.1116591	0.1423232	0.2108564	0.1040712	0.09402024
ENSG00000234741	ENSG00000198911	0.1729574	0.4083669	-0.02336188	0.8477686	0.03119504	0.7849189	-0.03138006	0.6144903
ENSG00000236618	ENSG00000136450	0.6926516	0.0001244161	0.2699882	0.02379861	0.07105493	0.5337637	0.2299385	0.0001840065
ENSG00000235919	ENSG00000136450	0.3691954	0.06933208	0.1890412	0.1170394	0.1204307	0.2904185	0.2102808	0.0006435245
ENSG00000249859	ENSG00000136450	0.5345215	0.005911241	0.3134051	0.008245744	0.1559619	0.1698956	0.201401	0.001093212
ENSG00000234741	ENSG00000136450	0.6229072	0.0008815108	0.1044856	0.3893436	0.09859351	0.3873356	0.1553866	0.01211703
ENSG00000233016	ENSG00000136450	0.6281311	0.000773691	0.1914406	0.1123793	0.02693697	0.8137062	0.08827785	0.1557966
ENSG00000249859	ENSG00000115415	-0.2411101	0.2456176	0.1739922	0.1497189	-0.158966	0.1617183	-0.04326147	0.4873472
ENSG00000234608	ENSG00000115415	-0.3684005	0.06998025	-0.2204371	0.06669423	-0.3101559	0.005406851	-0.2737887	7.488066e-06
ENSG00000233016	ENSG00000115415	-0.3090211	0.1328209	0.2469887	0.03927428	-0.1398026	0.2191349	-0.146464	0.01812581
ENSG00000234741	ENSG00000115415	-0.2907928	0.1584757	-0.03149121	0.7957938	-0.2094559	0.06393702	-0.2252955	0.0002497907
ENSG00000233016	ENSG00000170581	-0.2602271	0.2090064	0.1463965	0.2265418	-0.08755184	0.4429334	-0.09498372	0.1266013
ENSG00000234741	ENSG00000170581	-0.2722392	0.1879936	-0.08365363	0.4911363	-0.2267074	0.0445219	-0.1771655	0.004161581
ENSG00000234608	ENSG00000170581	-0.3187573	0.1204181	-0.1823747	0.1307664	-0.2638602	0.01879036	-0.1692909	0.006212318
ENSG00000268388	ENSG00000159167	0.04965781	0.8136479	0.345909	0.003355997	-0.07309939	0.5220277	0.08615698	0.166015
ENSG00000251562	ENSG00000159167	0.02481569	0.9062706	-0.0531767	0.6619613	0.1752634	0.1223631	0.00960759	0.8774719
ENSG00000245694	ENSG00000113739	0.02494731	0.9057756	0.03201326	0.7924836	0.2970434	0.007851557	0.1619546	0.008892755
ENSG00000268388	ENSG00000113739	-0.070553	0.7375325	0.3301866	0.005245607	-0.006177649	0.9569085	0.1293467	0.03712677
ENSG00000245532	ENSG00000113739	0.03570113	0.865466	-0.1044931	0.3893094	0.01210479	0.9156786	-0.03905592	0.5306838
ENSG00000251562	ENSG00000113739	0.06449726	0.7593799	-0.1150359	0.3429856	0.09291278	0.4154	0.08038342	0.1963606
ENSG00000278910	ENSG00000196502	0.4488568	0.02440618	0.0970059	0.4243585	-0.08171261	0.4740532	0.04525767	0.4674623
ENSG00000268388	ENSG00000175854	-0.0242337	0.9084597	0.279103	0.019294	0.1332682	0.2416532	0.1472392	0.01751649
ENSG00000233016	ENSG00000147133	0.513447	0.008662926	0.1160938	0.3385357	-0.1972541	0.08142946	-0.03050551	0.6243954
ENSG00000249859	ENSG00000147133	0.2662932	0.1982051	0.09264728	0.4455656	-0.1158486	0.3092957	0.2511663	4.198515e-05
ENSG00000234608	ENSG00000147133	0.5455405	0.004793391	0.437637	0.0001515181	-0.03283798	0.773886	0.09806907	0.1146801
ENSG00000234741	ENSG00000147133	0.4850089	0.01399608	0.06998422	0.5648222	-0.1363906	0.2307013	0.02959317	0.6348009
ENSG00000236618	ENSG00000270647	0.4833956	0.01436549	0.3158231	0.007737221	0.1903729	0.09285864	0.4012558	1.773599e-11
ENSG00000233016	ENSG00000270647	0.5708357	0.002882216	0.2210272	0.06595005	0.1633357	0.1503493	0.2826263	3.656755e-06
ENSG00000253716	ENSG00000270647	0.6744559	0.0002178003	0.2871351	0.01594918	0.1441978	0.2048454	0.2406727	8.862164e-05
ENSG00000234741	ENSG00000270647	0.4305424	0.03167918	0.2794609	0.01913311	0.1626817	0.152012	0.3191885	1.439001e-07
ENSG00000267321	ENSG00000270647	0.4797921	0.01521963	0.3796117	0.001190642	0.3536847	0.001386074	0.363667	1.504268e-09
ENSG00000237883	ENSG00000139546	0.3422435	0.09400944	0.2462548	0.0398809	0.132756	0.2434832	0.3001781	8.177119e-07
ENSG00000234741	ENSG00000139546	0.750047	1.581445e-05	0.4826146	2.326106e-05	0.5360962	3.547378e-07	0.4871096	6.734153e-17
ENSG00000179523	ENSG00000139546	0.6021173	0.001449262	0.4686758	4.276629e-05	0.4063464	0.0002025627	0.3865893	1.073047e-10
ENSG00000250220	ENSG00000139546	0.681925	0.0001738896	0.04351198	0.7205964	0.2165135	0.05529629	0.2136502	0.0005232917
ENSG00000260083	ENSG00000139546	0.707556	7.628361e-05	0.1500779	0.2149493	0.2733667	0.01478378	0.4061771	9.502089e-12
ENSG00000260260	ENSG00000139546	0.6577539	0.000352487	0.2595684	0.03001117	0.2210217	0.05029425	0.3361462	2.750671e-08
ENSG00000225177	ENSG00000139546	0.343336	0.09289646	-0.05801034	0.6333534	0.2588018	0.0212787	0.3426418	1.420479e-08
ENSG00000234608	ENSG00000140262	0.3065883	0.1360591	0.2657119	0.02620187	0.05498782	0.6302915	-0.01952492	0.7540202
ENSG00000249859	ENSG00000140262	0.2560533	0.2166651	0.05264513	0.6651381	-0.07307545	0.5221644	0.04129375	0.5073842
ENSG00000234741	ENSG00000140262	0.4834506	0.01435276	0.03560359	0.7698201	0.002594707	0.9818938	-0.1292192	0.03731543
ENSG00000233016	ENSG00000140262	0.4382485	0.02843262	0.1462767	0.2269262	-0.1531847	0.1777216	-0.1552283	0.01220608
ENSG00000233016	ENSG00000148737	0.6448191	0.000501881	0.3268938	0.005743679	0.1309997	0.2498313	0.03023213	0.6275058
ENSG00000234741	ENSG00000148737	0.6649816	0.0002872322	0.2643791	0.02699157	0.200215	0.07686956	-0.004743387	0.9393262
ENSG00000249859	ENSG00000148737	0.2955956	0.151401	0.5383977	1.528781e-06	0.08661329	0.4478566	0.1661945	0.007240069
ENSG00000234608	ENSG00000148737	0.5602589	0.003582585	0.1470188	0.2245523	0.2675531	0.01713521	0.06120434	0.3255794
ENSG00000249859	ENSG00000137203	0.1674487	0.4236803	0.1186498	0.3279348	-0.08104266	0.4776975	-0.09909619	0.1109125
ENSG00000233016	ENSG00000137203	0.3813367	0.05999204	0.07443069	0.5402934	-0.01446769	0.8992977	-0.1140682	0.06629401
ENSG00000249859	ENSG00000105329	-0.1045375	0.6189818	0.09344941	0.4416191	-0.09169997	0.4215405	-0.01525965	0.8065469
ENSG00000249859	ENSG00000116001	0.5082099	0.009491544	0.3054252	0.01013721	0.2183724	0.05318658	0.2894683	2.06389e-06
ENSG00000234741	ENSG00000116001	0.4708907	0.01750943	0.203273	0.09145885	0.4650272	1.576012e-05	0.3984499	2.520052e-11
ENSG00000260260	ENSG00000116001	0.4525901	0.02310409	0.2870922	0.01596563	0.09177227	0.421173	0.1216333	0.0501001
ENSG00000250988	ENSG00000116001	0.5837315	0.002188939	0.4781548	2.834659e-05	0.5760527	2.781943e-08	0.4000291	2.068844e-11
ENSG00000249859	ENSG00000151923	0.5966166	0.001643785	0.4902766	1.645429e-05	0.4248475	9.519443e-05	0.4465684	3.787318e-14
ENSG00000228794	ENSG00000151923	0.5754705	0.002614195	0.03717626	0.7599518	0.2292244	0.04214763	0.1592956	0.01009273
ENSG00000260260	ENSG00000151923	0.3810209	0.06022192	0.004261831	0.9720677	-0.07908817	0.4884144	0.1179739	0.05746651
ENSG00000250988	ENSG00000151923	0.4730253	0.01693621	0.3811911	0.001131083	0.4724836	1.100301e-05	0.3470125	9.027841e-09
ENSG00000234741	ENSG00000151923	0.4024915	0.04607497	0.2399736	0.04539728	0.3841534	0.0004738203	0.3933904	4.708542e-11
ENSG00000179523	ENSG00000151923	0.4934067	0.01219712	0.2712013	0.02315191	0.5182228	9.997207e-07	0.3774191	3.163247e-10
ENSG00000234741	ENSG00000090905	0.3789472	0.06174862	-0.01419312	0.9071645	-0.190532	0.09258083	-0.08787511	0.1576996
ENSG00000234741	ENSG00000100354	0.1289284	0.5390759	-0.0202722	0.8677064	-0.1336291	0.2403694	-0.08136677	0.190925
ENSG00000234741	ENSG00000078687	0.7375034	2.594626e-05	0.05685165	0.6401644	0.06799874	0.5515478	0.06655559	0.2849834
ENSG00000234741	ENSG00000141510	0.4935227	0.01217368	0.1342711	0.2677788	0.01792544	0.8754042	0.05118194	0.4111644
ENSG00000268388	ENSG00000121060	-0.1579752	0.4507338	-0.08913665	0.4630675	0.09403359	0.4097716	0.06423589	0.3021434
ENSG00000245532	ENSG00000121060	-0.09323684	0.6575595	-0.1158714	0.3394681	-0.06031358	0.5974888	-0.09653366	0.120498
ENSG00000245694	ENSG00000149743	0.5314655	0.006257441	0.4304115	0.0001999605	0.4260201	9.061066e-05	0.3305285	4.812443e-08
ENSG00000251562	ENSG00000149743	-0.1301306	0.535266	0.200003	0.09690748	0.1608983	0.156615	0.03570523	0.5665511
ENSG00000251562	ENSG00000157514	-0.12329	0.5571114	0.3366561	0.004376875	0.1437632	0.2062278	0.03725274	0.5498428
ENSG00000233016	ENSG00000063244	0.3833481	0.05854359	0.2274213	0.05830816	-0.03084922	0.7872467	0.04130782	0.5072394
ENSG00000234741	ENSG00000063244	0.3121761	0.128705	0.1954793	0.1048598	0.06082581	0.5943743	0.05452043	0.3812851
ENSG00000235919	ENSG00000063244	0.3219639	0.1165246	0.2152489	0.07353186	0.1057875	0.3534699	0.1321174	0.03322063
ENSG00000236778	ENSG00000063244	0.4031111	0.04570947	0.1865682	0.1219964	0.1273219	0.2634893	0.09897502	0.1113519
ENSG00000234608	ENSG00000063244	0.4326555	0.03076084	0.3485029	0.003110774	0.1736639	0.1258654	0.1247384	0.04448315
ENSG00000249859	ENSG00000063244	0.4425595	0.02673647	0.3163501	0.007630117	0.09231932	0.4183982	0.2656879	1.413641e-05
ENSG00000237424	ENSG00000063244	0.4580923	0.02128808	0.314452	0.008022094	0.4618945	1.828281e-05	0.2114415	0.0005994883
ENSG00000234741	ENSG00000005007	0.2796156	0.1758366	0.07114221	0.558384	0.05861637	0.6078597	0.0151021	0.8085054
ENSG00000179523	ENSG00000005007	0.5642923	0.00330017	0.3838577	0.00103661	0.3133307	0.0049276	0.2171462	0.0004208047
ENSG00000225177	ENSG00000005007	0.4635031	0.01961701	0.1785366	0.139205	-0.05738728	0.6154189	0.08842311	0.1551145
ENSG00000250988	ENSG00000005007	0.3636696	0.07393474	0.2605973	0.02934252	0.2499836	0.02629059	0.248912	4.943051e-05
ENSG00000233016	ENSG00000005007	0.3542145	0.08234582	0.1525232	0.2074842	0.0476306	0.6767963	0.03893299	0.5319791
ENSG00000269940	ENSG00000005007	-0.03387928	0.8722748	-0.01608472	0.8948579	0.2867903	0.01039248	0.07606921	0.2215409
ENSG00000236778	ENSG00000005007	0.5946632	0.00171805	0.3036998	0.01059257	0.2990918	0.007415101	0.2031318	0.0009876213
ENSG00000260260	ENSG00000005007	0.2940083	0.1537138	0.07003895	0.5645172	-0.06753133	0.5542926	-0.06119917	0.3256203
ENSG00000250220	ENSG00000005007	0.2822595	0.1716154	0.4743215	3.352453e-05	0.2186298	0.05289974	0.1909492	0.001983893
ENSG00000260083	ENSG00000005007	0.5883235	0.001979213	0.2856335	0.0165336	0.2962267	0.008031776	0.2327618	0.0001523333
ENSG00000236618	ENSG00000005007	0.5004737	0.01083533	0.3323619	0.004937875	0.06469055	0.5711142	0.009871487	0.8741339
ENSG00000261188	ENSG00000005007	0.4630676	0.01974742	0.4294472	0.0002074049	0.1532922	0.1774139	0.1115344	0.07259351
ENSG00000235919	ENSG00000005007	0.7478393	1.728972e-05	0.5372548	1.624535e-06	0.1617341	0.1544449	0.1292841	0.03721929
ENSG00000267321	ENSG00000005007	0.7958808	1.96696e-06	0.4274721	0.0002234541	0.1255715	0.2701639	0.2087024	0.0007082187
ENSG00000249859	ENSG00000005007	0.3450384	0.09118184	0.244913	0.0410101	0.07672349	0.5015484	0.2550569	3.156203e-05
ENSG00000228794	ENSG00000005007	0.3898908	0.05401874	0.5196294	4.033113e-06	0.5353512	3.708372e-07	0.1917589	0.001896399
ENSG00000234608	ENSG00000005007	0.7017729	9.254724e-05	0.4440988	0.0001176011	0.1685549	0.137566	0.09979515	0.1084047
ENSG00000237424	ENSG00000005007	0.4474173	0.02492384	0.351474	0.002849614	0.4703906	1.218096e-05	0.08761481	0.1589389
ENSG00000237883	ENSG00000005007	0.4568386	0.0216913	0.4801369	2.597076e-05	0.274151	0.01448893	0.03234862	0.6036015
ENSG00000260708	ENSG00000005007	0.7133519	6.256268e-05	0.1706053	0.1579321	-0.09279743	0.4159818	0.04139933	0.5062983
ENSG00000228630	ENSG00000112715	0.04169429	0.8431357	0.04308651	0.723218	0.07917493	0.487936	0.1392035	0.02478653
ENSG00000251562	ENSG00000112715	0.1569533	0.4537056	0.1697695	0.1600092	0.1711938	0.1314238	0.2518042	4.007832e-05
ENSG00000245694	ENSG00000112715	0.3813072	0.06001353	0.1217998	0.315163	0.1316592	0.2474346	0.2385307	0.0001028076
ENSG00000268388	ENSG00000112715	-0.0480204	0.8196922	0.2457118	0.04033469	0.02274393	0.8422971	-0.003026437	0.9612661
ENSG00000234741	ENSG00000136709	0.4403447	0.0275974	0.05608133	0.644709	0.182801	0.1068548	0.1261921	0.04204066
ENSG00000228794	ENSG00000136709	0.5888105	0.001958013	0.5203927	3.88146e-06	0.4034192	0.0002273662	0.309498	3.542451e-07
ENSG00000239791	ENSG00000136709	0.2189306	0.2930593	0.1568146	0.1948311	0.01607249	0.8881959	0.109875	0.07697698
ENSG00000179523	ENSG00000136709	0.5436039	0.004975798	0.4342038	0.0001730005	0.472682	1.089707e-05	0.3430351	1.3641e-08
ENSG00000224292	ENSG00000136709	0.40909	0.04229828	0.192302	0.1107415	0.03873016	0.734699	0.1176759	0.05810386
ENSG00000237424	ENSG00000136709	0.5440243	0.004935715	0.32482	0.006078337	0.4313683	7.218106e-05	0.2170571	0.0004231692
ENSG00000235919	ENSG00000136709	0.5777834	0.002488588	0.4260049	0.000236106	0.2895242	0.009653113	0.3250891	8.18405e-08
ENSG00000236778	ENSG00000136709	0.6080734	0.001261248	0.2885173	0.015427	0.2331855	0.03862435	0.2410878	8.609466e-05
ENSG00000260708	ENSG00000136709	0.5728343	0.002763906	0.3626172	0.002035683	0.01443116	0.8995506	0.169186	0.006244883
ENSG00000261188	ENSG00000136709	0.5820893	0.002268414	0.5633695	3.82648e-07	0.3606603	0.00109403	0.3169031	1.784777e-07
ENSG00000250220	ENSG00000136709	0.5248866	0.007060776	0.4715519	3.779783e-05	0.2116565	0.06113287	0.2519446	3.967002e-05
ENSG00000269940	ENSG00000136709	0.1757759	0.4006523	0.1205607	0.3201485	0.3755672	0.0006480285	0.2245004	0.0002630496
ENSG00000225177	ENSG00000136709	0.5258441	0.006938749	0.112938	0.3519177	-0.03164091	0.7819204	0.08287807	0.182787
ENSG00000260083	ENSG00000136709	0.5071022	0.009674994	0.292734	0.01392392	0.3681326	0.0008440689	0.262399	1.819119e-05
ENSG00000260260	ENSG00000136709	0.2713999	0.1894126	0.05008543	0.6805167	-0.04836113	0.6721205	-0.04689858	0.4514574
ENSG00000250988	ENSG00000136709	0.4810513	0.01491655	0.3349128	0.004597429	0.3870286	0.0004258392	0.2427751	7.650264e-05
ENSG00000260260	ENSG00000198492	0.4141984	0.03954569	-0.1148636	0.343714	-0.2004662	0.07649236	-0.1330598	0.03197417
ENSG00000234741	ENSG00000198492	0.497536	0.01138525	0.04005296	0.7420004	0.06777549	0.552858	0.02090087	0.7373013
ENSG00000234608	ENSG00000100811	0.5677984	0.003070247	0.3510653	0.002884336	0.2005542	0.07636051	0.09069583	0.1447339
ENSG00000249859	ENSG00000100811	0.2778574	0.1786833	0.2758504	0.0208098	0.1837734	0.1049708	0.1893856	0.002163349
ENSG00000233016	ENSG00000100811	0.3280147	0.1094304	0.1998315	0.09720016	0.03249716	0.7761711	0.002420248	0.9690201
ENSG00000234741	ENSG00000100811	0.3239742	0.1141313	0.07284045	0.5490058	0.1696047	0.1350971	0.08790846	0.1575413
ENSG00000234608	ENSG00000177485	0.3058966	0.13699	0.3812154	0.001130188	0.1268724	0.2651925	0.120353	0.05258252
ENSG00000233016	ENSG00000177485	0.38568	0.05689844	0.08241781	0.4975839	-0.0774298	0.4976063	0.004247456	0.9456595
ENSG00000233016	ENSG00000100403	0.7140263	6.11168e-05	0.05446499	0.6542871	-0.2067846	0.0674801	-0.06145354	0.3236097
ENSG00000179523	ENSG00000100403	0.4033625	0.04556181	0.1561921	0.1966313	0.1767868	0.1190973	0.155035	0.01231559
ENSG00000234741	ENSG00000100403	0.7647955	8.507648e-06	-0.08857609	0.4658964	-0.1765028	0.119701	-0.1004441	0.1061164
ENSG00000228794	ENSG00000100403	0.3173685	0.1221335	0.340136	0.003964488	0.4961101	3.328446e-06	0.2103134	0.0006422495
ENSG00000267321	ENSG00000100403	0.18147	0.385319	0.002431699	0.9840603	-0.0192865	0.8660283	0.02228897	0.7205591
ENSG00000269940	ENSG00000100403	0.2518481	0.2245696	0.4685419	4.30119e-05	0.1435877	0.2067881	0.3037277	5.966474e-07
ENSG00000278910	ENSG00000105939	-0.1017684	0.6283497	-0.1484592	0.2199938	-0.0372891	0.744225	-0.03052058	0.6242241
ENSG00000234741	ENSG00000128016	-0.2461464	0.2355906	-0.04242927	0.727274	-0.2186416	0.05288666	-0.1423622	0.02166625
ENSG00000179523	ENSG00000128016	-0.01796561	0.9320739	-0.133059	0.2721616	-0.1609907	0.1563738	-0.016847	0.7868834
ENSG00000234608	ENSG00000006194	0.7702737	6.681325e-06	0.7032344	1.138281e-11	0.5209275	8.578882e-07	0.4542809	1.210133e-14
ENSG00000249859	ENSG00000006194	0.3984619	0.04850848	0.4232115	0.0002620251	0.2068435	0.06740028	0.3612222	1.969721e-09
ENSG00000233016	ENSG00000006194	0.5336625	0.006006884	0.2667822	0.02558189	0.2540249	0.02388162	0.3426654	1.417036e-08
ENSG00000234741	ENSG00000006194	0.5267698	0.006822467	0.2712763	0.02311241	0.233577	0.03828984	0.3066508	4.588044e-07
ENSG00000234608	ENSG00000147180	0.6485112	0.0004544803	0.5504311	7.953514e-07	0.3734411	0.0006993551	0.361683	1.872459e-09
ENSG00000234741	ENSG00000036549	0.3882773	0.05510846	0.1060904	0.3820614	0.1141076	0.3166722	0.07330939	0.2388092
ENSG00000249859	ENSG00000036549	0.5370183	0.005640461	0.1979804	0.1004027	0.00998352	0.9304146	0.1160937	0.06158659
